
6
1 0 1 0 0 0
1 1 0 0 1 0 
0 0 1 0 0 1
0 1 0 1 1 0
0 0 1 0 1 0
0 1 0 1 1 1 

4
0 1 0 1
0 0 1 0
1 0 0 1
0 0 0 0 
список ребер:
4 5
1 2
1 4
2 3
3 1
3 4
список ребер2:
4 5
1, 2
1, 4
2, 3
3, 1
3, 4
список связности:
4
1: 2, 4
2 : 3
3 : 1, 4
4 :
матрица инцедентности:
4 5
1, 1, 0, -1, 0
-1, 0, 1, 0, 0
0, 0, -1, 1, 1
0, -1, 0, 0, -1

5
0 1 0 0 0
0 0 0 1 0
1 0 0 0 0
0 0 1 0 0
0 0 0 1 0

1 1 0 1 0
0 1 0 0 1
0 0 1 1 0
0 0 0 1 0
0 0 0 0 1

5
1 0 0 1 1
0 0 0 0 0
0 1 0 1 0
0 0 0 0 0
0 1 1 0 0 2 
 (1,2) (1,3) (4,2) (4,5)

6
0 1 1 0 1 0
0 1 0 0 1 0
0 0 0 0 0 0
0 0 1 0 0 0
0 0 0 1 0 0
1 0 0 0 1 1

6
0 1 1 0 0 1
1 0 1 0 0 0
1 1 0 1 1 0
0 0 1 0 1 0
0 0 1 1 0 1
1 0 0 0 1 0

7
0 0 1 0 1 0 1
0 0 1 1 0 0 0
1 1 0 0 0 0 0
0 1 0 0 0 1 0
1 0 0 0 0 1 0
0 0 0 1 1 0 0
1 0 0 0 0 0 0

7
0 1 1 0 0 0 0
1 0 1 1 0 0 1
1 1 0 1 1 0 0
0 1 1 0 1 0 1
0 0 1 1 0 1 0
0 0 0 0 1 0 1
0 1 0 1 0 1 0

3
0 0 1
1 0 1
0 0 0

6
1 1 1 1 1 1
1 1 1 1 1 0
1 1 1 1 0 0
1 1 1 0 0 0
1 1 0 0 0 0
1 0 0 0 0 0
--------------------
из word:
5
0 1 0 1 0 
0 0 0 0 1 
0 0 0 1 0 
0 0 0 0 0 
0 0 0 0 0 

из лекции:
5
1 1 0 0 0 
0 1 0 1 0
1 0 1 0 0
0 0 1 1 0
0 0 0 1 1
мн-ва внутр-й: 14, 15, 235
мн-ва внешней: 14, 234, 235

внешняя из практики:
8
0 1 0 0 0 1 1 1
0 0 0 1 1 0 0 0
0 0 0 0 0 0 0 0
0 0 1 0 0 0 0 0
0 0 0 0 0 0 0 1
0 1 0 0 0 0 0 0
0 0 0 0 1 1 0 0
0 0 0 0 0 1 0 0 